35 0 5 1
35 17 250 1
9 27 46 0
40 6 11 1
40 0 5 1
9 2 5 1
35 12 5 1
9 3 5 1
9 1 5 1
9 0 5 1
9 4 2 1
9 0 1 1
9 0 6 1
9 0 6 1
9 0 6 1
9 29 23 0
9 3 2 1
9 0 2 1
9 0 6 1
9 0 6 1
9 0 6 1
9 0 6 1
9 0 2 1
9 0 6 1
9 1 1 1
9 0 6 1
9 0 6 1
9 0 6 1
9 0 6 1
35 4 15 1
35 4 14 1
9 0 6 1
9 0 6 1
9 0 6 1
9 0 6 1
9 0 6 1
9 5 2 1
9 0 6 1
9 0 6 1
9 0 6 1
9 1 16 1
9 0 16 1
9 1 16 1
9 0 10 1
9 0 121 1
35 0 2 1
35 4 5 1
35 4 4 1
35 1 1 1
35 1 1 1
35 1 2 1
9 14 20 0
35 5 4 1
35 2 4 1
35 2 1 1
35 4 4 1
35 10 12 1
35 4 3 1
9 1 2 1
9 4 6 1
9 4 7 1
9 4 121 1
9 34 38 1
9 34 37 0
35 1 2 1
35 7 5 1
35 1 1 1
35 2 7 1
35 6 4 1
35 5 7 1
35 0 251 1
35 4 8 1
35 8 7 1
35 10 13 1
35 7 17 1
35 4 15 1
35 2 1 1
9 4 2 1
35 9 4 1
35 2 4 1
35 2 10 1
9 3 3 1
9 5 7 1
9 4 2 1
9 3 0 1
9 8 6 1
9 6 4 1
9 7 8 1
9 2 1 1
9 2 1 1
9 5 7 1
9 0 3 1
9 26 37 0
9 14 13 0
0 0 0 1
9 1 2 1
9 3 7 1
